2004010112 27
2004010900 27
2004011612 27
2004012412 27
2004020212 27
2004020512 27
2004021612 27
2004022312 27
2004022512 27
2004022712 27
2004022912 27
2004030412 27
2004031112 27
2004031912 27
2004032712 27
2004040112 27
2004040312 27
2004040512 27
2004041212 27
2004042312 27
2004042912 27
2004050112 27
2004051112 27
2004051312 27
2004052200 27
2004052312 27
2004052812 27
2004053012 27
2004053112 27
2004060812 27
2004061012 27
2004061512 27
2004062212 27
2004062512 27
2004070212 27
2004070512 27
2004071312 27
2004071412 27
2004072412 27
2004073100 27
2004080612 27
2004081206 27
2004081306 27
2004081912 27
2004082212 27
2004082412 27
2004083012 27
2004090512 27
2004090712 27
2004090800 27
2004091218 33
2004091418 33
2004091518 33
2004091612 27
2004091712 27
2004091912 27
2004092506 33
2004092512 27
2004092800 27
2004092812 27
2004093012 27
2004093018 33
2004100512 27
2004100712 27
2004100812 27
2004101012 27
2004101612 27
2004101812 27
2004102012 27
2004102212 27
2004102712 27
2004102912 27
2004110112 27
2004110312 27
2004110712 27
2004111212 27
2004111412 27
2004111512 27
2004111712 27
2004112312 27
2004112412 27
2004112712 27
2004113012 27
2004120612 27
2004120912 27
2004121600 27
2004122212 27
2004122812 27
2004123012 27
2005010112 27
2005010312 27
2005010512 27
2005010712 27
2005010912 27
2005011112 27
2005011300 27
2005011312 27
2005012012 27
2005012112 27
2005012612 27
2005020512 27
2005021112 27
2005021312 27
2005022012 27
2005022712 27
2005030312 27
2005030812 27
2005031612 27
2005032112 27
2005032118 27
2005032218 27
2005032612 27
2005032812 27
2005033112 27
2005040212 27
2005040612 27
2005040812 27
2005041112 27
2005041800 27
2005042412 27
2005042712 27
2005043012 27
2005050112 27
2005050512 27
2005050812 27
2005050912 27
2005051112 27
2005051312 27
2005051612 27
2005051812 27
2005052500 27
2005053112 27
2005060612 27
2005061012 27
2005061212 27
2005062012 27
2005062812 27
2005070112 27
2005070518 33
2005070612 27
2005070912 27
2005070918 33
2005071012 27
2005071718 33
2005072512 27
2005080200 27
2005080912 27
2005081312 27
2005081418 27
2005082418 33
2005082518 33
2005082618 33
2005082718 33
2005082818 33
2005082912 27
2005083012 27
2005090700 27
2005091506 27
2005091918 33
2005092306 33
2005092312 27
2005092318 33
2005092412 27
2005092418 27
2005092512 27
2005092812 27
2005093012 27
2005100412 27
2005100512 27
2005100712 27
2005100812 27
2005101312 27
2005101812 27
2005102018 33
2005102318 33
2005103112 27
2005110312 27
2005110512 27
2005110912 27
2005111212 27
2005111512 27
2005112112 27
2005112712 27
2005112912 27
2005120112 27
2005120900 27
2005121412 27
2005122100 27
2005122712 27
2005123012 27
2006010212 27
2006011012 27
2006011312 27
2006011712 27
2006012212 27
2006012812 27
2006020400 27
2006021012 27
2006021118 27
2006021212 27
2006021412 27
2006021612 27
2006022712 27
2006030912 27
2006031112 27
2006031212 27
2006031912 27
2006032012 27
2006032812 27
2006033012 27
2006040212 27
2006040412 27
2006040512 27
2006040612 27
2006040712 27
2006041112 27
2006041612 27
2006042212 27
2006042812 27
2006050412 27
2006051012 27
2006051112 27
2006052112 27
2006060112 27
2006061212 27
2006061712 27
2006062312 27
2006062512 27
2006062712 27
2006070512 27
2006071312 27
2006072212 27
2006072712 27
2006072912 27
2006080112 27
2006080412 27
2006081112 27
2006081512 27
2006081818 27
2006082412 27
2006082712 27
2006082718 33
2006083012 27
2006090112 27
2006090312 27
2006090712 27
2006091212 27
2006091412 27
2006091712 27
2006092112 27
2006092312 27
2006100512 27
2006100612 27
2006100912 27
2006101112 27
2006101412 27
2006101612 27
2006102712 27
2006110612 27
2006111012 27
2006111512 27
2006112300 27
2006113012 27
2006120712 27
2006121412 27
2006121912 27
2006122012 27
2006122212 27
2006122412 27
2006122612 27
2006122912 27
2006123012 27
2007010312 27
2007010512 27
2007010712 27
2007011206 27
2007011412 27
2007012012 27
2007012612 27
2007020112 27
2007021212 27
2007021300 27
2007022412 27
2007030112 27
2007031112 27
2007031312 27
2007031612 27
2007032212 27
2007032512 27
2007032812 27
2007032912 27
2007033112 27
2007040312 27
2007041112 27
2007041312 27
2007041412 27
2007041512 27
2007041612 27
2007042012 27
2007042112 27
2007042912 27
2007050412 27
2007050512 27
2007050812 27
2007051512 27
2007052212 27
2007052512 27
2007052912 27
2007060212 27
2007060512 27
2007061612 27
2007062212 27
2007062612 27
2007070412 27
2007071112 27
2007071812 27
2007072312 27
2007072712 27
2007080212 27
2007081012 27
2007081218 33
2007081518 33
2007081812 27
2007081818 27
2007082012 27
2007082018 33
2007082312 27
2007082412 27
2007082612 27
2007090612 27
2007091112 27
2007091312 27
2007092012 27
2007092212 27
2007093012 27
2007100212 27
2007100612 27
2007100812 27
2007101412 27
2007101700 27
2007101712 27
2007101812 27
2007101912 27
2007102212 27
2007102612 27
2007110400 27
2007111212 27
2007112412 27
2007113012 27
2007120112 27
2007120312 27
2007120712 27
2007121012 27
2007121100 27
2007121512 27
2007121812 27
2007122000 27
2007122312 27
2008010412 27
2008010512 27
2008010712 27
2008010812 27
2008011012 27
2008011900 27
2008012712 27
2008012912 27
2008020112 27
2008020312 27
2008020512 27
2008021212 27
2008021612 27
2008022412 27
2008030312 27
2008030412 27
2008030812 27
2008031012 27
2008031412 27
2008031812 27
2008032500 27
2008033112 27
2008040312 27
2008040412 27
2008040912 27
2008041012 27
2008041700 27
2008042312 27
2008042412 27
2008050112 27
2008050212 27
2008050712 27
2008050812 27
2008050912 27
2008051012 27
2008051112 27
2008051412 27
2008052212 27
2008052512 27
2008052912 27
2008053012 27
2008060312 27
2008060512 27
2008060812 27
2008061112 27
2008062012 27
2008062912 27
2008070712 27
2008070912 27
2008071212 27
2008072218 33
2008072312 27
2008072612 27
2008080418 33
2008080612 27
2008081012 27
2008081212 27
2008081612 27
2008081806 33
2008081812 27
2008082312 27
2008082512 27
2008083012 27
2008083118 33
2008090112 27
2008090212 27
2008090412 27
2008090612 27
2008091012 27
2008091206 33
2008091300 27
2008091312 27
2008092400 27
2008100412 27
2008100612 27
2008101112 27
2008101412 27
2008102212 27
2008102512 27
2008110112 27
2008110612 27
2008111212 27
2008111412 27
2008112012 27
2008112612 27
2008112912 27
2008120912 27
2008121106 27
2008121112 27
2008121512 27
2008121712 27
2008122212 27
2008122512 27
2008122712 27
2009010112 27
2009010612 27
2009011612 27
2009012706 27
2009012712 27
2009020300 27
2009020912 27
2009021012 27
2009021112 27
2009021812 27
2009022612 27
2009030812 27
2009031112 27
2009032312 27
2009032412 27
2009032512 27
2009032712 27
2009032812 27
2009033012 27
2009040212 27
2009040712 27
2009040912 27
2009041012 27
2009041212 27
2009041412 27
2009041812 27
2009042512 27
2009042612 27
2009042912 27
2009050112 27
2009050412 27
2009050612 27
2009050812 27
2009051312 27
2009051512 27
2009052312 27
2009052612 27
2009060212 27
2009060412 27
2009060712 27
2009061112 27
2009061912 27
2009062612 27
2009070312 27
2009070612 27
2009071312 27
2009072112 27
2009072912 27
2009073112 27
2009080612 27
2009081606 33
2009082012 27
2009082800 27
2009090412 27
2009091112 27
2009092112 27
2009092612 27
2009100112 27
2009100412 27
2009100612 27
2009100812 27
2009101312 27
2009102012 27
2009102212 27
2009102412 27
2009102612 27
2009102812 27
2009102912 27
2009103012 27
2009110806 33
2009110906 33
2009111012 27
2009111206 33
2009111512 27
2009112012 27
2009120212 27
2009120712 27
2009120812 27
2009121212 27
2009121812 27
2009121912 27
2009122000 27
2009122312 27
2009122412 27
2009122512 27
2010010512 27
2010011612 27
2010011912 27
2010012012 27
2010012112 27
2010012412 27
2010012812 27
2010020312 27
2010020500 27
2010020512 27
2010021000 27
2010021112 27
2010021800 27
2010022500 27
2010022600 27
2010030712 27
2010031212 27
2010031312 27
2010031912 27
2010032512 27
2010032812 27
2010032912 27
2010040212 27
2010040412 27
2010041112 27
2010041612 27
2010042112 27
2010042212 27
2010042312 27
2010042412 27
2010042712 27
2010043012 27
2010050212 27
2010050712 27
2010051012 27
2010051112 27
2010051212 27
2010051412 27
2010052012 27
2010052212 27
2010052412 27
2010052712 27
2010052912 27
2010060212 27
2010060512 27
2010060812 27
2010061012 27
2010061212 27
2010061512 27
2010061612 27
2010061712 27
2010062512 27
2010063006 33
2010070112 27
2010070412 27
2010070812 27
2010071212 27
2010072206 33
2010072212 27
2010072412 27
2010073012 27
2010080700 27
2010081412 27
2010081812 27
2010082600 27
2010090212 27
2010090712 27
2010091512 27
2010091618 33
2010092212 27
2010092312 27
2010092612 27
2010092912 27
2010093012 27
2010100412 27
2010101412 27
2010102412 27
2010102512 27
2010102612 27
2010102912 27
2010110212 27
2010110912 27
2010111612 27
2010112012 27
2010112512 27
2010113012 27
2010121112 27
2010121312 27
2010121812 27
2010122012 27
2010122212 27
2010122512 27
2010122612 27
2010122812 27
2010122912 27
2010123012 27
2011010812 27
2011011200 27
2011011612 27
2011012512 27
2011012618 27
2011013112 27
2011020112 27
2011020200 27
2011020812 27
2011021512 27
2011021912 27
2011022412 27
2011022612 27
2011022812 27
2011030512 27
2011030612 27
2011030812 27
2011031012 27
2011032012 27
2011032212 27
2011032900 27
2011040412 27
2011040712 27
2011040812 27
2011040912 27
2011041112 27
2011041412 27
2011041512 27
2011041612 27
2011041912 27
2011042212 27
2011042512 27
2011042712 27
2011050812 27
2011051512 27
2011051812 27
2011052012 27
2011052212 27
2011052412 27
2011052512 27
2011052912 27
2011060900 27
2011061912 27
2011062012 27
2011062112 27
2011062612 27
2011062812 27
2011070812 27
2011072012 27
2011073112 27
2011080612 27
2011081612 27
2011082618 33
2011082712 27
2011090212 27
2011090312 27
2011090512 27
2011090712 27
2011091312 27
2011092312 27
2011092912 27
2011100512 27
2011100712 27
2011100912 27
2011101412 27
2011101912 27
2011102512 27
2011102918 27
2011110712 27
2011110718 27
2011110912 27
2011111512 27
2011112112 27
2011112212 27
2011112612 27
2011112812 27
2011120412 27
2011120712 27
2011121212 27
2011121912 27
2011122812 27
2012010312 27
2012010912 27
2012011812 27
2012012112 27
2012012412 27
2012012612 27
2012020312 27
2012021100 27
2012021812 27
2012022412 27
2012022812 27
2012030212 27
2012030312 27
2012030812 27
2012031212 27
2012031512 27
2012031712 27
2012031912 27
2012032912 27
2012041012 27
2012041212 27
2012041312 27
2012041412 27
2012041512 27
2012042212 27
2012042512 27
2012042712 27
2012050612 27
2012051012 27
2012051412 27
2012052212 27
2012052706 33
2012060412 27
2012061212 27
2012061612 27
2012062500 27
2012070312 27
2012071312 27
2012071512 27
2012072500 27
2012080312 27
2012080512 27
2012080706 33
2012081418 27
2012082212 27
2012082512 27
2012082518 33
2012082618 33
2012082718 33
2012082806 33
2012082818 33
2012082912 27
2012090712 27
2012091112 27
2012091312 27
2012091712 27
2012091812 27
2012092812 27
2012092912 27
2012100312 27
2012101412 27
2012101712 27
2012102312 27
2012102912 27
2012110912 27
2012111112 27
2012111912 27
2012112912 27
2012120412 27
2012121012 27
2012121312 27
2012121612 27
2012121812 27
2012122012 27
2012122512 27
2012122618 27
2013010118 27
2013010812 27
2013010912 27
2013011112 27
2013011512 27
2013011712 27
2013012612 27
2013012912 27
2013013012 27
2013020718 27
2013021318 27
2013022012 27
2013022212 27
2013022512 27
2013030412 27
2013030706 27
2013030912 27
2013032112 27
2013040212 27
2013040612 27
2013040812 27
2013041012 27
2013041412 27
2013041712 27
2013041812 27
2013042712 27
2013050412 27
2013050912 27
2013051812 27
2013051912 27
2013052012 27
2013052212 27
2013053012 27
2013053112 27
2013060212 27
2013060712 27
2013060912 27
2013061312 27
2013062012 27
2013062412 27
2013062612 27
2013070312 27
2013070612 27
2013071012 27
2013071512 27
2013071712 27
2013071912 27
2013072212 27
2013072412 27
2013072712 27
2013080112 27
2013080912 27
2013081712 27
2013082512 27
2013083012 27
2013090512 27
2013090812 27
2013091012 27
2013091212 27
2013092012 27
2013092212 27
2013092812 27
2013092912 27
2013093012 27
2013100312 27
2013100412 27
2013100712 27
2013101012 27
2013101412 27
2013102300 27
2013103112 27
2013110512 27
2013111112 27
2013111712 27
2013112212 27
2013112612 27
2013120112 27
2013120512 27
2013121412 27
2013122000 27
2013122100 27
2013122112 27
2013122200 27
2013122812 27
2013123112 27
2014011112 27
2014011900 27
2014012612 27
2014012912 27
2014013000 27
2014013100 27
2014020212 27
2014020412 27
2014020912 27
2014021100 27
2014021200 27
2014021212 27
2014021300 27
2014022112 27
2014022812 27
2014030212 27
2014030512 27
2014030912 27
2014031612 27
2014031812 27
2014032612 27
2014032912 27
2014033112 27
2014040312 27
2014040612 27
2014041312 27
2014041512 27
2014041812 27
2014042312 27
2014042512 27
2014042612 27
2014042712 27
2014042812 27
2014043012 27
2014050412 27
2014051012 27
2014051212 27
2014051312 27
2014051512 27
2014052212 27
2014053112 27
2014060312 27
2014060612 27
2014060812 27
2014060912 27
2014061112 27
2014061512 27
2014061612 27
2014061712 27
2014062512 27
2014062712 27
2014070212 27
2014071112 27
2014071712 27
2014071912 27
2014072112 27
2014072612 27
2014073012 27
2014080112 27
2014080312 27
2014080412 27
2014081212 27
2014082012 27
2014082312 27
2014082712 27
2014083112 27
2014090412 27
2014090812 27
2014091012 27
2014091112 27
2014091712 27
2014091912 27
2014092112 27
2014092712 27
2014100212 27
2014100412 27
2014100812 27
2014101112 27
2014101312 27
2014101512 27
2014101712 27
2014102012 27
2014102812 27
2014110412 27
2014110512 27
2014111312 27
2014111612 27
2014112012 27
2014112212 27
2014112412 27
2014112712 27
2014120612 27
2014121112 27
2014121312 27
2014121812 27
2014122012 27
2014122312 27
2014122412 27
2014122612 27
2015010212 27
2015010312 27
2015010912 27
2015011612 27
2015012212 27
2015012612 27
2015012912 27
2015013012 27
2015020112 27
2015020612 27
2015021212 27
2015021912 27
2015022112 27
2015022512 27
2015030212 27
2015030412 27
2015030912 27
2015031012 27
2015031312 27
2015031712 27
2015032112 27
2015032512 27
2015040312 27
2015040712 27
2015040812 27
2015040912 27
2015041312 27
2015041512 27
2015041912 27
2015042312 27
2015042512 27
2015042712 27
2015050112 27
2015050612 27
2015050912 27
2015050918 33
2015051012 27
2015051212 27
2015051512 27
2015051612 27
2015051712 27
2015051912 27
2015052312 27
2015052412 27
2015052912 27
2015053112 27
2015060712 27
2015061112 27
2015061412 27
2015061518 33
2015061612 27
2015062012 27
2015062212 27
2015062612 27
2015062712 27
2015070112 27
2015070612 27
2015070812 27
2015071312 27
2015071812 27
2015072712 27
2015080712 27
2015081812 27
2015082012 27
2015082612 27
2015090612 27
2015091812 27
2015092112 27
2015092912 27
2015100212 27
2015100312 27
2015100412 27
2015100712 27
2015100812 27
2015101812 27
2015102112 27
2015102312 27
2015102412 27
2015102512 27
2015102712 27
2015102812 27
2015103012 27
2015103112 27
2015110212 27
2015110612 27
2015111112 27
2015111612 27
2015111712 27
2015111812 27
2015112612 27
2015112712 27
2015120112 27
2015120712 27
2015121312 27
2015121712 27
2015122112 27
2015122312 27
2015122612 27
2015122712 27
2015122812 27
2016010512 27
2016010712 27
2016011412 27
2016012112 27
2016012200 27
2016012212 27
2016012222 27
2016020112 27
2016020312 27
2016021512 27
2016022212 27
2016022312 27
2016022412 27
2016030512 27
2016030912 27
2016031012 27
2016031312 27
2016031512 27
2016032412 27
2016032812 27
2016033012 27
2016040112 27
2016040912 27
2016041112 27
2016041412 27
2016041712 27
2016041812 27
2016042212 27
2016042512 27
2016042912 27
2016050612 27
2016050712 27
2016050812 27
2016051712 27
2016051912 27
2016052112 27
2016052212 27
2016052612 27
2016052712 27
2016052818 33
2016053012 27
2016060112 27
2016060612 27
2016061412 27
2016061812 27
2016062212 27
2016062612 27
2016070112 27
2016070312 27
2016070712 27
2016071112 27
2016072200 27
2016080112 27
2016080312 27
2016080512 27
2016081012 27
2016081212 27
2016082012 27
2016082412 27
2016090106 33
2016090212 27
2016090412 27
2016090712 27
2016091712 27
2016092212 27
2016092512 27
2016100312 27
2016100512 27
2016100606 33
2016100712 27
2016100718 33
2016101312 27
2016101400 27
2016101500 27
2016101612 27
2016101812 27
2016102512 27
2016102812 27
2016110512 27
2016111200 27
2016111900 27
2016112000 27
2016112112 27
2016112812 27
2016113012 27
2016120312 27
2016121012 27
2016121612 27
2016122212 27
2016122512 27
2017010212 27
2017010412 27
2017010800 27
2017010812 27
2017010900 27
2017011012 27
2017011412 27
2017011512 27
2017011812 27
2017012012 27
2017012100 27
2017012212 27
2017020206 27
2017020612 27
2017020712 27
2017020812 27
2017020906 27
2017021212 27
2017021312 27
2017021712 27
2017021912 27
2017022012 27
2017022712 27
2017022812 27
2017030612 27
2017030712 27
2017031400 27
2017032412 27
2017032812 27
2017033112 27
2017040212 27
2017040512 27
2017040612 27
2017040712 27
2017041212 27
2017041812 27
2017042112 27
2017042312 27
2017042612 27
2017042812 27
2017042912 27
2017050312 27
2017050612 27
2017051612 27
2017051912 27
2017052312 27
2017060100 27
2017060912 27
2017061212 27
2017061312 27
2017061812 27
2017062012 27
2017062118 33
2017062312 27
2017062812 27
2017063012 27
2017071200 27
2017072312 27
2017072512 27
2017072812 27
2017073006 33
2017073112 27
2017080312 27
2017080512 27
2017080712 27
2017081212 27
2017082212 27
2017082506 33
2017082606 33
2017082612 27
2017082712 27
2017082806 33
2017082906 33
2017083006 33
2017083112 27
2017090906 33
2017091012 27
2017091112 27
2017091412 27
2017091912 27
2017092112 27
2017092312 27
2017092712 27
2017100212 27
2017100412 27
2017100612 27
2017100706 33
2017100812 27
2017101412 27
2017102112 27
2017102312 27
2017102612 27
2017102912 27
2017103006 27
2017110512 27
2017111512 27
2017111812 27
2017112612 27
2017120412 27
2017120612 27
2017120812 27
2017121912 27
2017122212 27
2017122912 27
2018010400 27
2018010812 27
2018011212 27
2018012012 27
2018012712 27
2018020412 27
2018020712 27
2018021012 27
2018021612 27
2018021912 27
2018022112 27
2018022412 27
2018022812 27
2018030206 27
2018030512 27
2018031400 27
2018031412 27
2018031812 27
2018032106 27
2018032118 27
2018032212 27
2018032612 27
2018032812 27
2018040312 27
2018040612 27
2018040712 27
2018041312 27
2018041412 27
2018041512 27
2018042212 27
2018050112 27
2018051112 27
2018051812 27
2018052112 27
2018052718 33
2018052812 27
2018053112 27
2018060312 27
2018060912 27
2018061712 27
2018061912 27
2018062412 27
2018062612 27
2018062812 27
2018063012 27
2018070512 27
2018071112 27
2018071412 27
2018071912 27
2018072112 27
2018072812 27
2018073112 27
2018081100 27
2018082112 27
2018082712 27
2018090112 27
2018090318 33
2018090412 27
2018090812 27
2018090912 27
2018091318 33
2018091418 33
2018091512 27
2018091518 33
2018092012 27
2018092112 27
2018092412 27
2018092612 27
2018100212 27
2018100312 27
2018100712 27
2018100912 27
2018100918 33
2018101112 27
2018101512 27
2018102312 27
2018103112 27
2018110312 27
2018110512 27
2018111212 27
2018111512 27
2018112412 27
2018113012 27
2018120712 27
2018120812 27
2018121412 27
2018122012 27
2018122612 27
2018122812 27
2018123112 27
2019010312 27
2019011112 27
2019011712 27
2019011912 27
2019012312 27
2019020212 27
2019020712 27
2019021212 27
2019021412 27
2019021912 27
2019022112 27
2019022312 27
2019022612 27
2019030212 27
2019030312 27
2019030612 27
2019030912 27
2019031312 27
2019032312 27
2019040212 27
2019040412 27
2019040712 27
2019041012 27
2019041312 27
2019041412 27
2019041712 27
2019041812 27
2019042212 27
2019042412 27
2019042612 27
2019042912 27
2019050312 27
2019050812 27
2019051012 27
2019051512 27
2019051612 27
2019051712 27
2019051812 27
2019052012 27
2019052212 27
2019052312 27
2019052418 27
2019052712 27
2019060512 27
2019060812 27
2019061512 27
2019062012 27
2019062312 27
2019070112 27
2019070912 27
2019071112 27
2019071218 33
2019071412 27
2019071712 27
2019072812 27
2019080812 27
2019081112 27
2019082112 27
2019082612 27
2019083118 33
2019090118 33
2019090218 33
2019090318 33
2019090912 27
2019091212 27
2019092012 27
2019092312 27
2019100112 27
2019100512 27
2019101012 27
2019101112 27
2019101612 27
2019101818 33
2019101912 27
2019102018 27
2019102112 27
2019102512 27
2019102612 27
2019103112 27
2019110612 27
2019111300 27
2019111912 27
2019112012 27
2019112312 27
2019112712 27
2019112812 27
2019113012 27
2019120912 27
2019121612 27
2019122212 27
2019122812 27
2019122912 27
2020010212 27
2020010612 27
2020011012 27
2020011112 27
2020011612 27
2020012612 27
2020020512 27
2020020612 27
2020021012 27
2020021112 27
2020022012 27
2020022212 27
2020030212 27
2020030312 27
2020031012 27
2020031212 27
2020031512 27
2020031812 27
2020031912 27
2020032212 27
2020032412 27
2020032812 27
2020040412 27
2020040512 27
2020040812 27
2020040912 27
2020041212 27
2020041312 27
2020041912 27
2020042212 27
2020042312 27
2020042512 27
2020042812 27
2020043012 27
2020050412 27
2020051412 27
2020051612 27
2020051712 27
2020052012 27
2020052512 27
2020052618 33
2020053012 27
2020060712 27
2020060912 27
2020061800 27
2020062612 27
2020070612 27
2020070712 27
2020070812 27
2020071412 27
2020071712 27
2020072012 27
2020072406 33
2020072412 27
2020072612 27
2020073012 27
2020073118 33
2020080118 33
2020080218 33
2020080312 27
2020080318 33
2020080412 27
2020081412 27
2020082606 33
2020082712 27
2020090212 27
2020090812 27
2020090912 27
2020091112 27
2020091518 33
2020091612 27
2020092312 27
2020092412 27
2020092912 27
2020100906 33
2020100912 27
2020101112 27
2020101612 27
2020102212 27
2020102512 27
2020102612 27
2020102718 33
2020102812 27
2020102912 27
2020110712 27
2020111112 27
2020111312 27
2020111712 27
2020112412 27
2020112812 27
2020113012 27
2020120512 27
2020121312 27
2020121612 27
2020122312 27
2020122412 27
2020123100 27
2020123112 27
2021010212 27
2021011012 27
2021011212 27
2021011900 27
2021012512 27
2021012712 27
2021012812 27
2021013112 27
2021021100 27
2021021112 27
2021021312 27
2021021600 27
2021021700 27
2021021800 27
2021022812 27
2021031012 27
2021031312 27
2021031412 27
2021031712 27
2021032312 27
2021032512 27
2021040100 27
2021040712 27
2021040918 27
2021041512 27
2021041518 27
2021041800 27
2021042412 27
2021042812 27
2021050112 27
2021050212 27
2021050412 27
2021050912 27
2021051112 27
2021051612 27
2021051912 27
2021052712 27
2021052812 27
2021053112 27
2021061100 27
2021062112 27
2021062412 27
2021062512 27
2021062712 27
2021070112 27
2021070618 33
2021070912 27
2021071412 27
2021071612 27
2021072312 27
2021072412 27
2021080112 27
2021080812 27
2021081518 33
2021081612 27
2021081812 27
2021081818 33
2021082012 27
2021082018 33
2021082206 33
2021082612 27
2021082818 33
2021082912 27
2021083112 27
2021090112 27
2021090912 27
2021091306 33
2021091312 27
2021091812 27
2021092012 27
2021092212 27
2021093012 27
2021100912 27
2021101018 27
2021101312 27
2021102412 27
2021102418 27
2021102512 27
2021102606 27
2021102712 27
2021103012 27
2021110812 27
2021111112 27
2021112512 27
2021120912 27
2021121018 27
2021121312 27
2021121412 27
2021121512 27
2021122312 27
2021122412 27
2021122612 27
2021122912 27
2022010112 27
2022010912 27
2022011612 27
2022012300 27
2022012912 27
2022013112 27
2022020212 27
2022020312 27
2022020318 27
2022021006 27
2022021712 27
2022022212 27
2022022812 27
2022030812 27
2022031500 27
2022032112 27
2022032212 27
2022032812 27
2022033012 27
2022040312 27
2022040412 27
2022040512 27
2022041112 27
2022041212 27
2022041312 27
2022041612 27
2022041812 27
2022042112 27
2022042312 27
2022042912 27
2022050212 27
2022050412 27
2022050612 27
2022050912 27
2022051212 27
2022051912 27
2022052112 27
2022052412 27
2022052612 27
2022053012 27
2022060612 27
2022060712 27
2022061812 27
2022062412 27
2022062612 27
2022070612 27
2022070812 27
2022071712 27
2022072512 27
2022072812 27
2022080512 27
2022081212 27
2022081912 27
2022082012 27
2022082212 27
2022082912 27
2022090512 27
2022090912 27
2022091312 27
2022091812 27
2022092112 27
2022092618 33
2022092718 33
2022092818 33
2022092918 33
2022093012 27
2022100812 27
2022101612 27
2022102212 27
2022102412 27
2022102812 27
2022110112 27
2022110412 27
2022110812 27
2022110906 33
2022111012 27
2022111800 27
2022112512 27
2022112912 27
2022120112 27
2022121012 27
2022121312 27
2022121318 27
2022121412 27
2022122212 27
2022122712 27
2022123012 27
2022123100 27
2022123112 27
2023010212 27
2023010412 27
2023010712 27
2023010912 27
2023011012 27
2023011212 27
2023011412 27
2023011612 27
2023011812 27
2023012412 27
2023013100 27
2023020412 27
2023021112 27
2023021900 27
2023022612 27
2023022812 27
2023030112 27
2023030312 27
2023030912 27
2023031012 27
2023031100 27
2023031212 27
2023031412 27
2023031512 27
2023031912 27
2023032112 27
2023032412 27
2023032812 27
2023033112 27
2023040312 27
2023040418 27
2023040506 27
2023040612 27
2023040812 27
2023041012 27
2023041612 27
2023041912 27
2023042012 27
2023042212 27
2023042712 27
2023043012 27
2023050212 27
2023050512 27
2023051112 27
2023051212 27
2023051312 27
2023052012 27
2023053112 27
2023061112 27
2023061412 27
2023061512 27
2023062112 27
2023062212 27
2023062412 27
2023070112 27
2023071012 27
2023071612 27
2023071912 27
2023073112 27
2023080912 27
2023081412 27
2023081912 27
2023082012 27
2023082918 33
2023083012 27
2023090112 27
2023090312 27
2023091212 27
2023091812 27
2023092118 33
2023093012 27
2023100412 27
2023101212 27
2023101312 27
2023102412 33
2023102612 27
2023110412 27
2023111312 27
2023111812 27
2023112112 27
2023120100 27
2023121012 27
2023121312 27
2023121712 27
2023122012 27
2023122212 27
2023122412 27
2023122912 27
2023123112 27
2024011800 27
2024020500 27
2024021300 27
2024022500 27
2024022600 27
2024022700 27
